7		10	10	0		1		9		6		10    3 
2		10	10	6		5		10	4		1	    3
0		0		10	0		5		5		2		2	    3
10	0		0		1		5		4		6		2	    3
2		0		10	4		10	10	6		2	    3
10	0		10	0		10	5		6		4	    10
10	0		0		0		5		9		6		2	    3
4		0		10	0		10	4		4		7	    10
0		10	10	9		10	3		2		2	    3
2		10	10	9		10	10	8		7	    6
1		0		10	0		1		10	4		1	    3
10	10	10	4		1		10	6		4	    5
6		10	0		0		1		10	10	7	    6
1		0		0		1		10	10	8		10    6
0		10	10	9		10	5		2		2	    3
10	0		0		0		1		8		8		10    3
10	10	10	4		1		9		8		10    8
8		0		0		9		5		5		4		4	    3
10	0		0		4		5		5		10	10    6
1		0		10	4		1		3		4		2	    3
3		10	10	4		5		5		6		7	    6
0		0		10	9		5		10	2		2	    3
0		0		0		6		5		10	6		1	    3
10	0		0		0		5		9		10	7	    3
0		0		0		0		10	3		8		7	    10
0		0		10	0		10	9		8		10    10
10	10	10	0		10	7		10	7	    10

